30 261
1 28
11 17
8 15
7 18
14 15
15 23
15 29
2 26
2 17
10 17
10 26
26 27
18 24
6 23
6 29
12 21
9 26
19 24
6 12
21 22
1 20
13 23
3 13
4 29
16 25
19 25
6 19
15 16
3 22
11 29
1 10
22 27
1 2
17 24
14 26
14 17
6 14
4 19
25 28
2 23
6 16
2 29
27 29
15 24
18 28
20 23
2 12
20 29
7 9
17 25
4 14
13 14
5 27
16 28
3 6
13 16
4 16
9 23
6 18
6 8
19 28
1 21
12 13
6 24
3 30
15 25
2 19
10 19
11 16
4 18
13 18
13 24
4 24
8 23
10 14
8 29
5 21
6 7
9 19
18 20
2 16
17 28
14 23
8 12
16 20
7 10
4 25
9 14
13 25
25 27
19 20
3 15
5 11
9 16
2 18
10 18
2 8
18 27
2 24
8 19
16 27
11 25
20 24
12 30
14 19
19 27
23 30
1 4
9 24
17 20
2 25
6 9
13 28
26 30
18 21
7 11
15 20
8 18
17 27
12 15
19 21
11 28
3 26
14 18
6 20
15 27
10 28
1 6
27 28
24 25
8 25
20 28
6 27
1 30
22 30
9 28
5 6
21 29
7 13
13 27
4 10
4 27
15 21
2 3
12 26
12 17
5 30
23 26
24 28
10 20
11 27
1 15
6 21
14 28
9 20
16 22
2 27
10 27
13 21
4 21
19 22
20 27
5 15
28 30
3 19
3 14
3 16
21 24
2 21
10 21
17 22
12 23
24 27
8 27
2 5
3 18
3 8
14 27
9 21
6 13
29 30
21 25
7 15
12 19
5 17
5 26
3 25
12 14
13 22
12 16
4 22
14 21
8 11
21 28
15 30
10 13
12 18
1 29
22 29
23 24
1 12
6 30
25 26
7 17
3 28
9 13
10 22
20 22
13 30
4 30
3 9
5 23
5 29
16 17
23 25
5 12
8 13
6 15
1 14
2 6
1 16
5 19
21 27
10 30
13 15
20 30
12 28
14 22
1 18
5 14
22 24
7 23
9 30
3 10
3 27
11 15
7 12
18 23
15 17
16 23
16 29
5 18
5 8
1 25
19 23
6 26
8 30
12 20
14 30
9 15
3 21
18 19
4 26
13 17
4 17
5 25
16 19
7 16
3 11
17 29
11 26
