40 468
22 28
5 35
25 37
14 15
17 31
7 24
1 9
15 29
18 37
2 17
2 26
10 26
3 40
16 37
20 26
17 19
16 18
5 28
16 24
19 37
12 39
23 38
15 31
23 39
31 37
9 17
3 33
19 24
7 25
35 40
6 12
21 22
30 31
1 20
27 32
15 19
10 32
2 32
18 25
4 29
13 29
6 31
28 36
3 13
26 38
16 25
26 39
7 35
25 35
21 34
17 37
25 36
9 32
8 26
17 18
4 31
3 22
11 29
15 16
18 35
1 10
1 2
14 17
11 12
4 19
7 28
13 19
15 37
6 16
2 29
10 29
19 36
31 35
27 29
15 24
31 36
20 23
2 12
10 12
29 35
12 33
17 25
4 14
5 10
13 14
16 28
23 33
5 27
3 6
14 32
1 38
13 16
22 38
4 16
10 31
9 29
27 31
22 39
1 39
12 13
1 21
6 24
6 8
20 31
33 38
11 14
15 25
2 19
17 35
4 37
13 37
17 36
26 33
4 18
11 16
1 5
1 11
4 24
12 22
7 20
8 23
8 29
6 7
9 19
18 20
17 28
2 16
10 16
15 36
8 12
14 29
16 20
1 40
13 25
4 25
8 31
4 7
5 11
24 31
3 15
6 35
30 36
27 37
7 10
9 16
2 18
6 36
10 18
2 8
15 28
18 27
33 40
20 37
26 34
11 25
28 38
20 24
4 35
13 35
12 30
14 19
9 37
13 36
23 30
36 38
9 18
5 40
6 28
4 36
1 4
9 24
7 38
25 38
7 39
25 39
8 16
2 25
10 25
2 7
21 26
13 28
14 16
5 33
20 25
16 38
16 39
24 37
15 20
16 21
8 18
4 9
17 27
27 35
8 24
10 35
12 15
2 36
11 28
19 21
3 26
14 18
27 36
10 36
31 38
3 17
1 34
22 34
29 39
21 32
20 36
33 34
27 28
1 6
25 40
24 25
28 33
20 28
13 20
32 37
17 38
4 20
17 39
3 32
14 25
2 9
5 34
17 21
6 10
1 30
16 40
7 33
24 35
8 35
24 36
15 39
4 27
13 27
14 35
16 33
15 21
14 36
12 17
30 38
30 39
23 26
8 28
31 33
6 38
7 22
3 29
1 15
6 21
29 33
14 28
17 40
3 12
8 9
32 35
9 20
13 38
32 36
2 10
6 11
10 27
13 21
12 32
23 32
17 33
20 27
5 15
3 19
4 5
16 34
11 39
4 11
9 10
9 27
19 34
30 40
8 20
6 40
7 30
21 37
3 14
2 38
29 34
14 20
27 39
10 39
3 16
21 24
18 30
10 21
2 21
30 33
20 38
16 30
4 40
1 26
20 21
22 26
8 27
13 40
2 5
9 38
9 39
2 11
3 18
17 34
14 27
3 8
9 21
3 24
12 31
21 25
13 33
4 33
7 15
26 29
12 19
5 17
5 26
4 13
1 32
24 38
24 39
2 40
8 39
10 40
3 25
17 30
21 36
3 7
12 14
30 34
14 38
20 40
14 39
13 22
12 16
6 34
2 33
10 33
9 40
27 33
5 32
21 28
15 30
3 36
4 34
10 13
2 13
1 23
2 4
12 37
23 37
22 23
22 29
12 24
32 38
1 12
4 6
25 26
7 17
8 40
24 40
11 34
2 22
22 31
26 37
5 23
3 9
28 32
16 26
16 17
24 33
1 19
8 33
2 34
27 34
10 34
5 12
20 34
25 32
8 13
11 30
5 31
1 14
12 35
9 34
1 16
34 38
23 36
16 32
5 19
3 20
2 30
4 15
13 15
1 37
22 37
12 28
14 22
1 18
1 8
5 14
23 28
26 35
1 24
22 24
26 36
9 30
33 37
3 27
3 10
11 15
25 29
7 12
18 23
15 17
18 29
21 38
21 39
38 39
16 23
5 37
17 32
7 31
5 8
10 15
1 25
22 25
19 23
34 40
1 7
5 24
19 29
6 26
6 17
18 31
7 19
12 20
14 30
9 15
3 21
1 35
18 19
19 31
4 26
13 17
4 17
1 36
22 36
7 14
5 25
16 19
5 7
29 31
3 5
35 38
6 32
28 37
17 23
33 36
17 29
21 40
38 40
11 26
