50 490
8 15
5 35
7 37
25 37
21 49
4 32
26 47
17 31
1 9
15 29
10 26
10 17
30 41
3 40
32 46
6 41
34 50
20 26
17 19
16 18
5 28
42 50
6 23
19 37
15 31
31 37
15 44
3 33
19 24
7 25
35 40
13 41
21 22
2 32
10 32
32 48
13 23
27 32
21 42
18 25
3 13
30 44
35 49
23 43
16 25
26 39
41 43
25 35
21 50
38 50
17 37
25 36
15 16
13 31
4 31
1 10
33 47
1 27
4 44
1 2
13 44
18 36
34 46
11 12
12 40
2 41
42 46
23 40
7 28
19 35
2 23
10 23
6 16
3 34
2 29
43 44
35 42
15 24
21 30
20 23
10 12
7 9
5 10
30 37
9 41
5 27
3 6
33 45
11 19
14 32
1 38
4 16
1 39
9 23
13 16
9 29
22 38
27 31
12 13
10 44
2 44
20 31
9 12
33 38
5 45
2 19
4 18
9 31
28 47
12 42
5 39
8 23
2 14
14 41
21 48
3 46
8 29
38 48
9 19
11 37
2 16
10 16
18 20
25 47
12 34
41 50
18 47
1 40
4 25
25 27
19 20
47 48
13 25
35 46
30 36
24 44
8 44
37 44
27 37
16 47
7 10
28 45
6 36
15 28
36 45
2 24
1 49
14 44
33 40
8 19
44 47
16 27
22 33
20 24
25 45
28 39
26 34
7 45
14 19
9 37
33 49
4 36
6 28
36 39
5 40
25 38
7 39
16 45
10 25
7 21
2 7
5 49
21 26
13 28
11 36
18 39
20 25
23 46
5 33
41 46
17 47
36 43
18 21
1 42
45 49
16 38
16 21
25 43
9 25
19 38
19 39
14 37
11 28
19 21
3 26
34 41
1 50
20 35
28 40
21 32
41 48
16 43
36 40
5 22
9 35
15 27
33 34
2 28
30 47
9 36
40 50
8 25
6 47
36 49
20 28
4 20
32 37
18 40
17 21
6 10
15 45
16 40
9 28
42 44
21 23
8 36
31 40
18 33
21 29
15 39
14 35
22 46
16 33
15 21
28 42
2 3
43 47
11 47
44 49
12 17
5 30
30 38
36 42
30 39
24 28
33 46
8 28
31 33
21 31
3 23
11 27
40 46
13 45
6 21
28 34
15 43
1 48
27 47
3 12
18 42
32 35
13 39
7 34
10 27
43 45
11 45
6 11
6 43
23 32
19 22
19 42
17 33
20 27
9 47
18 50
31 42
16 34
11 38
11 39
9 27
4 43
30 40
44 50
35 44
8 20
31 34
6 40
25 30
45 48
20 45
3 14
15 33
27 38
2 39
27 39
30 49
3 16
21 24
23 41
37 47
18 30
11 43
17 22
17 42
12 23
30 33
20 39
23 29
14 47
34 35
7 46
25 46
9 38
3 37
17 50
10 11
27 43
4 49
18 46
13 49
26 41
3 24
12 31
15 22
15 42
21 25
13 33
23 31
23 44
8 45
26 29
37 45
41 44
39 40
19 46
12 19
48 50
44 46
4 13
9 43
9 11
11 49
6 22
15 34
5 17
2 40
8 39
21 35
3 25
8 21
26 31
16 48
30 50
26 44
14 38
30 34
14 39
11 13
13 22
4 42
14 21
13 42
2 49
10 49
4 22
6 34
19 48
9 40
20 49
24 43
8 43
29 48
21 28
15 30
3 35
22 41
13 50
13 34
14 43
11 22
9 49
11 42
23 37
12 18
32 39
39 42
40 41
15 46
4 6
17 48
25 26
8 40
24 40
35 36
37 40
10 22
3 28
10 42
5 41
22 31
1 44
30 46
18 26
20 42
4 30
13 30
5 23
28 32
6 46
37 49
12 25
16 17
2 50
33 44
10 34
2 34
27 34
14 49
15 48
19 26
5 12
34 45
5 44
38 47
9 50
6 48
18 32
9 34
1 16
23 35
34 38
21 27
2 30
27 30
37 42
19 32
28 29
31 32
32 33
3 47
1 8
5 14
26 35
29 32
1 24
24 50
21 45
26 36
7 23
5 16
8 34
10 46
3 27
7 29
11 15
43 48
14 34
16 41
21 38
21 39
36 44
5 37
16 29
5 18
25 31
7 31
10 15
32 42
2 15
27 48
6 26
18 44
3 39
38 43
12 20
32 50
16 31
3 21
42 49
18 19
1 36
19 44
5 25
12 47
17 41
31 44
29 31
33 35
28 37
12 27
