50 980
12 45
15 29
14 48
2 26
18 24
34 50
12 39
3 49
15 31
9 26
15 44
3 33
4 41
26 45
10 32
4 23
38 42
3 13
13 29
6 31
35 49
6 44
26 39
11 41
21 50
21 34
17 37
6 19
11 23
17 18
1 10
33 47
22 27
47 50
16 36
5 47
43 44
12 49
18 28
2 12
4 14
39 44
5 10
3 6
14 32
1 21
9 12
11 14
26 49
15 25
17 35
11 16
24 41
36 47
8 29
5 21
25 47
15 36
41 50
7 10
13 25
8 31
22 40
3 15
8 44
2 37
27 37
2 18
6 36
10 24
19 47
8 19
44 47
31 47
29 47
13 36
9 18
17 20
7 21
21 26
18 38
16 39
17 27
2 35
27 35
12 15
1 50
20 35
1 34
14 24
28 40
16 43
9 35
30 47
10 28
8 25
5 50
2 9
5 34
15 45
42 44
8 36
15 39
4 10
6 45
16 33
11 47
3 41
23 26
2 20
6 39
3 23
15 43
14 28
36 50
18 22
18 42
34 37
35 41
9 20
7 50
25 50
13 39
7 34
25 34
2 27
43 45
4 21
6 43
39 45
20 27
13 43
11 21
19 50
15 49
19 34
44 50
15 33
21 37
29 50
29 34
12 41
10 38
24 47
18 30
12 23
6 49
39 43
1 26
34 35
6 33
10 11
26 41
13 33
8 45
5 26
43 49
22 32
2 40
21 35
39 49
30 50
12 14
14 38
12 16
8 43
17 46
4 50
4 34
23 37
7 26
25 26
11 50
37 40
10 22
10 42
8 49
28 32
5 12
40 44
8 13
6 15
42 45
23 35
21 27
10 30
13 15
1 37
3 47
14 22
14 42
22 24
24 50
24 34
38 45
2 46
27 46
3 10
33 37
20 46
16 41
7 12
18 29
38 39
16 23
5 37
5 18
9 46
34 40
2 48
27 48
18 31
18 44
32 50
38 43
32 34
14 30
42 49
1 35
18 19
9 48
4 26
37 46
33 35
21 40
36 37
11 26
23 27
5 35
7 37
25 37
37 48
7 18
38 49
26 47
15 23
1 9
2 17
6 41
31 37
9 17
1 3
13 41
29 37
5 9
2 32
1 20
13 23
20 32
4 12
25 35
24 26
9 32
39 41
15 16
1 27
1 2
18 36
5 20
34 46
11 12
6 14
23 40
6 16
3 34
31 35
29 35
13 14
30 37
34 48
13 16
22 38
10 44
21 46
4 18
8 41
7 20
8 23
21 48
11 37
17 28
11 18
14 29
46 49
12 50
40 43
12 34
30 35
1 40
47 48
25 27
16 47
14 31
33 40
2 24
14 44
26 50
28 38
4 35
14 19
19 27
5 40
18 45
40 49
9 24
8 14
8 16
11 35
41 46
22 42
24 37
4 9
10 36
3 26
18 43
15 47
23 48
21 32
41 48
36 40
2 28
27 28
7 40
25 40
4 20
17 38
14 25
6 10
22 30
9 28
13 47
38 41
24 35
18 49
19 40
11 20
31 40
1 46
15 21
43 47
12 26
11 27
6 21
1 48
3 12
5 46
32 35
33 48
13 21
23 32
28 30
16 34
5 48
30 40
45 48
2 38
21 24
8 47
17 22
36 46
17 42
20 38
24 27
1 17
8 10
25 46
7 46
9 38
3 37
2 11
11 40
7 48
19 46
25 48
35 37
44 46
1 32
14 45
15 34
29 46
37 38
17 30
8 21
14 39
6 50
19 48
6 34
10 49
44 48
31 48
10 33
5 32
29 48
3 35
13 50
2 4
13 34
10 13
14 43
40 41
24 40
43 50
7 17
2 22
2 42
27 42
42 47
22 31
39 50
26 37
22 44
30 46
20 22
20 42
3 9
16 26
14 49
9 42
14 33
7 32
25 32
4 46
30 48
12 35
38 47
32 40
2 30
27 30
11 46
37 42
19 32
28 29
31 32
20 30
26 35
29 32
1 24
8 50
8 34
3 27
28 31
11 48
28 44
18 23
21 38
10 15
22 25
5 24
6 26
12 20
24 46
22 36
30 32
17 29
1 28
24 48
4 32
34 42
14 15
7 24
17 44
3 40
32 46
26 27
16 37
17 19
16 18
11 32
42 50
23 38
19 24
35 40
6 12
32 48
21 22
21 42
28 36
38 50
40 47
16 35
12 40
10 41
7 28
10 23
15 37
2 29
27 29
15 18
22 45
21 30
24 32
20 29
17 25
6 37
1 38
26 40
2 31
27 31
9 29
6 18
19 28
22 39
2 44
27 44
20 31
33 38
2 19
13 37
17 36
1 11
9 31
4 24
22 43
9 44
5 38
23 42
10 14
41 42
14 41
3 46
9 19
15 35
10 16
14 23
8 12
11 24
18 47
5 11
35 46
6 35
37 44
28 45
3 48
2 8
22 49
16 27
28 39
13 35
23 30
36 38
35 48
1 4
7 38
25 38
2 25
2 7
6 9
12 46
28 43
4 28
14 16
46 50
20 25
18 21
1 42
8 37
7 11
15 20
9 25
31 38
11 28
27 36
2 36
3 17
12 48
26 46
20 36
6 20
17 45
15 27
28 49
9 36
28 33
13 20
26 48
17 39
34 44
1 30
16 40
21 29
13 27
17 43
12 17
5 30
36 42
30 38
24 28
21 31
7 22
21 44
7 42
25 42
10 47
8 9
4 38
12 32
17 49
19 22
19 42
18 50
18 34
15 40
31 42
11 38
29 42
4 11
2 45
48 49
8 20
20 45
7 30
25 30
26 32
2 39
27 39
9 45
10 21
20 39
13 40
23 29
14 47
8 27
34 36
2 5
19 30
9 39
27 43
3 24
21 25
23 31
16 46
20 43
23 44
37 45
41 44
39 40
30 42
9 43
24 38
21 36
2 49
27 49
4 42
14 21
27 33
20 49
37 43
20 33
22 41
2 13
11 22
22 23
11 42
1 29
12 24
32 38
15 46
3 28
8 40
9 13
1 44
18 26
4 30
6 46
5 29
16 17
1 19
33 44
10 34
15 48
34 45
11 30
5 31
2 6
6 48
16 32
5 19
43 46
24 42
39 46
1 8
21 45
34 43
7 29
43 48
14 50
14 34
15 17
39 48
21 39
26 28
2 15
25 31
5 8
7 31
32 42
1 25
7 44
1 7
19 29
6 17
7 19
21 43
3 38
34 49
9 15
15 32
19 31
13 17
1 36
19 44
17 41
5 7
31 44
29 31
35 38
3 11
17 23
6 32
33 36
29 44
38 40
8 48
21 49
13 32
5 36
21 33
10 26
23 45
47 49
12 38
16 24
23 39
7 25
49 50
30 31
30 44
4 29
3 4
26 38
23 43
41 43
22 47
19 25
25 36
8 17
3 22
11 29
3 42
4 44
2 41
27 41
42 46
4 19
2 23
20 41
11 31
1 45
35 42
11 44
31 36
8 32
23 49
10 12
41 49
9 41
29 36
16 28
23 33
11 19
33 45
9 23
42 48
3 30
33 39
5 45
1 5
4 8
37 41
12 22
28 47
5 39
2 14
38 48
33 43
18 20
2 16
24 31
4 25
9 14
5 43
4 7
26 42
30 36
9 16
10 18
36 45
1 49
7 45
25 45
11 25
12 30
33 49
4 36
36 39
1 13
7 39
25 39
5 49
32 44
13 28
11 36
5 33
44 45
17 47
26 30
36 43
16 38
45 49
29 45
7 43
25 43
5 13
19 39
8 24
10 35
31 39
14 18
34 41
22 50
22 34
29 39
19 43
1 6
24 25
31 43
36 49
29 43
18 40
7 49
25 49
17 21
7 33
25 33
21 41
21 23
5 6
24 36
30 45
7 13
15 38
46 48
19 49
44 49
31 49
19 33
30 39
10 20
8 28
29 49
6 38
4 45
40 46
28 50
3 29
28 34
2 47
27 47
4 39
32 36
2 10
6 11
10 27
11 45
3 31
3 44
40 48
9 47
5 15
3 19
4 5
11 39
9 10
4 43
35 44
14 20
23 41
37 47
2 21
11 43
30 33
20 21
22 26
17 50
17 34
14 27
9 21
4 49
15 22
15 42
4 33
12 44
7 15
26 29
12 19
4 13
11 49
6 22
6 42
18 48
8 38
11 33
10 40
24 39
3 25
26 31
26 44
13 22
11 13
8 11
24 43
32 45
3 36
1 23
33 41
39 42
4 6
34 47
35 36
5 41
14 40
24 49
13 30
5 23
12 25
24 33
2 50
27 50
2 34
27 34
20 50
20 34
1 14
21 47
9 50
18 32
9 34
1 16
12 36
8 22
32 49
36 41
17 26
32 33
22 37
7 41
5 14
26 36
7 23
10 46
11 15
19 41
16 29
3 45
31 41
19 23
10 48
29 41
8 30
16 31
3 39
16 44
35 45
22 35
16 19
23 47
41 47
35 39
14 46
3 43
