60 1062
52 59
9 51
47 52
35 43
26 53
12 45
14 48
2 26
10 17
30 41
18 24
34 50
20 26
12 39
3 49
6 29
37 51
15 31
24 54
32 58
10 32
15 19
38 42
3 13
13 29
6 31
12 43
35 49
16 25
21 50
6 19
50 57
17 18
33 47
22 27
32 54
14 17
23 52
47 50
16 56
13 19
5 47
43 44
12 49
18 28
2 12
4 14
5 10
39 44
3 6
14 32
6 8
12 13
1 21
9 12
15 25
47 57
34 51
50 51
24 41
15 60
54 59
40 55
6 7
15 36
58 59
1 52
6 60
41 50
13 25
22 40
8 31
3 15
8 44
2 37
3 58
6 56
27 37
6 36
21 51
32 41
13 60
20 37
44 47
31 47
5 52
13 56
9 37
47 51
29 47
35 58
9 18
43 60
49 59
45 52
3 54
23 57
7 21
39 60
43 56
39 56
16 39
35 54
2 35
27 35
18 55
20 35
1 34
36 52
15 53
16 43
7 52
25 52
33 34
30 47
8 25
5 50
23 51
12 54
2 9
56 59
41 51
15 45
19 52
13 53
8 56
8 36
16 49
29 52
15 39
6 45
22 46
16 33
33 57
2 3
26 54
57 58
11 47
43 53
6 39
3 23
38 44
5 57
17 40
18 22
18 42
34 37
35 41
45 57
7 50
25 50
13 39
7 34
25 34
2 27
43 45
20 27
1 51
13 43
19 50
19 34
15 49
44 50
31 50
15 33
21 37
29 50
10 38
24 47
3 16
7 57
25 57
8 53
6 49
5 51
42 60
39 43
34 35
42 56
10 11
28 48
26 41
11 52
19 57
44 57
31 57
29 57
5 26
32 47
22 32
38 60
2 40
8 39
55 59
16 58
30 50
14 38
20 40
7 51
9 40
23 37
1 12
28 59
11 50
37 40
42 53
8 49
28 32
8 33
4 57
19 26
8 13
42 45
32 52
23 35
11 57
15 54
59 60
13 15
13 58
1 37
30 51
3 47
14 42
22 24
24 50
6 54
17 59
33 37
27 46
3 10
42 43
20 46
16 41
35 47
18 29
4 51
46 60
38 39
13 54
16 23
9 46
2 48
27 48
11 51
20 48
18 44
43 54
32 50
38 43
14 30
32 34
24 57
3 21
39 54
18 19
9 48
4 26
12 47
37 46
33 35
40 56
36 37
23 27
11 26
15 41
37 48
15 23
32 57
3 52
6 41
2 59
6 23
24 51
19 37
12 21
8 54
20 59
9 17
46 53
29 37
18 25
20 32
4 12
9 32
15 16
1 27
17 24
1 2
12 52
5 20
18 36
11 12
37 59
40 53
19 35
6 16
3 34
10 29
29 35
13 14
5 27
30 37
26 52
42 58
22 38
40 45
10 44
4 37
51 60
8 41
7 20
51 56
8 23
21 48
11 37
17 28
11 18
12 50
46 49
12 34
1 40
25 27
7 27
47 48
18 53
16 47
14 31
2 24
33 40
38 54
34 59
50 59
26 50
26 34
20 24
28 38
14 19
19 27
52 60
18 45
8 14
9 24
12 57
52 56
8 16
11 35
23 46
35 51
22 42
21 59
4 9
26 57
51 53
3 26
18 43
15 47
23 48
21 32
2 28
27 28
7 40
25 40
6 47
20 28
12 51
32 37
14 25
16 52
22 30
9 28
13 47
18 49
24 35
17 55
11 20
31 40
4 27
1 46
26 51
14 56
52 53
15 21
28 42
43 47
12 26
48 55
33 46
39 47
11 27
6 21
23 59
5 46
10 53
32 35
46 54
33 48
23 32
28 30
16 34
5 48
6 52
2 38
27 38
8 47
21 24
36 46
17 42
13 52
24 27
1 17
8 10
27 55
9 38
3 37
10 43
20 55
1 59
43 52
36 48
11 40
33 59
7 48
25 48
35 37
5 17
44 46
9 11
15 50
18 58
17 30
8 21
10 49
6 34
45 59
37 55
44 48
31 48
10 33
5 32
21 28
3 35
18 54
12 37
10 13
2 4
13 34
14 43
12 18
56 60
23 24
8 52
7 17
43 50
2 22
36 59
27 42
22 31
39 50
26 37
30 46
22 44
7 59
25 59
20 22
51 58
3 9
9 42
13 57
14 33
7 32
30 48
19 59
38 47
44 59
32 40
31 59
43 57
34 38
15 51
3 20
39 57
27 30
11 46
19 32
37 42
31 32
50 55
23 28
26 35
6 51
29 32
52 58
8 50
9 30
3 27
28 31
11 48
28 44
21 38
22 25
5 24
10 58
42 52
6 26
30 59
12 20
8 57
47 55
13 26
24 46
22 36
30 32
10 54
4 59
17 29
12 27
1 28
11 17
24 48
55 56
4 32
26 27
32 46
17 19
16 18
5 28
42 50
23 38
28 60
6 12
21 22
32 48
21 42
23 55
41 55
38 50
54 58
22 53
8 26
42 57
16 35
27 29
15 18
22 45
24 32
17 25
6 37
2 31
6 18
19 28
38 57
9 29
22 39
27 44
17 60
20 31
33 38
49 58
2 19
1 55
13 37
17 36
1 11
4 24
22 43
9 44
46 52
48 60
5 38
23 42
10 14
14 41
3 46
9 19
48 56
10 16
8 12
53 58
5 11
35 46
28 45
37 44
2 8
38 51
40 52
16 27
56 58
36 38
35 48
53 54
1 4
7 38
25 38
2 25
2 7
12 46
28 43
20 25
7 55
25 55
18 21
2 60
8 37
7 11
8 18
15 20
2 56
2 36
27 36
11 28
31 38
3 17
12 48
29 38
20 56
48 53
9 60
6 20
19 55
31 55
5 42
15 27
46 57
28 33
18 52
26 48
17 39
34 44
1 30
6 27
16 40
37 60
8 35
37 56
21 29
13 27
17 43
5 30
30 38
40 57
24 28
21 31
7 22
21 44
7 42
12 59
22 58
10 47
30 55
8 9
2 53
27 53
51 52
4 38
20 53
12 32
17 49
19 22
26 59
15 40
31 42
9 53
55 58
29 42
4 11
22 54
27 45
48 49
8 20
20 45
7 30
6 40
11 55
2 39
50 60
57 59
10 21
37 53
20 39
23 29
14 47
8 27
18 57
2 5
9 39
28 58
27 43
29 30
21 25
37 45
41 44
39 40
30 42
10 52
37 39
21 56
28 54
21 36
47 60
4 22
27 49
24 55
4 42
2 49
14 21
2 33
20 49
37 43
18 51
22 41
2 13
22 23
12 24
9 33
32 38
17 58
8 40
34 53
9 13
50 53
1 31
32 55
14 52
4 30
5 29
6 46
37 49
1 19
15 48
10 34
17 54
34 45
11 30
23 60
5 31
41 60
2 6
5 44
6 48
21 53
23 56
41 56
23 36
34 39
5 19
28 41
24 42
47 53
39 46
12 28
1 8
10 57
43 48
39 48
26 28
2 15
25 31
32 42
1 25
2 58
27 58
1 7
7 19
1 60
21 43
49 52
9 15
15 32
13 17
1 36
5 25
14 57
17 41
3 55
2 54
27 54
29 31
33 56
23 53
17 23
6 32
33 36
3 11
35 38
41 53
20 54
5 60
38 40
35 55
37 58
9 54
21 49
5 36
7 8
13 32
21 33
39 59
45 56
10 26
23 45
41 45
47 49
16 24
23 39
7 25
14 51
12 55
3 4
30 44
7 60
25 60
36 56
23 43
41 43
22 47
7 56
3 42
18 35
26 55
4 44
33 53
19 60
2 41
44 60
31 60
42 46
2 23
49 57
19 56
19 36
35 42
15 24
31 36
10 12
9 41
50 58
29 36
34 58
11 19
45 53
42 48
1 39
9 23
6 24
38 46
5 45
4 8
13 24
34 54
50 54
28 47
12 22
5 39
24 29
21 58
2 14
36 53
18 20
2 16
49 51
7 53
25 53
24 31
9 14
5 43
4 7
26 42
30 36
24 44
10 37
15 28
18 27
1 49
4 60
19 53
44 53
25 45
42 59
12 30
4 56
4 36
6 28
29 53
36 39
47 54
5 49
13 28
11 36
36 43
16 38
25 43
19 39
8 24
14 37
31 39
14 18
34 41
16 55
23 58
22 34
29 39
41 58
1 6
30 53
24 25
36 49
18 40
7 49
25 49
17 21
24 60
41 54
25 33
21 41
4 53
22 57
24 36
7 13
15 38
46 48
44 49
31 49
19 33
30 39
15 55
31 33
29 49
4 45
3 29
1 15
29 33
28 34
32 60
17 52
55 57
2 47
32 56
13 38
30 43
16 22
33 58
2 10
10 27
6 11
3 31
3 44
4 5
1 54
9 10
28 57
35 44
33 54
43 55
30 49
46 59
2 21
24 53
11 43
12 29
16 30
20 21
17 50
3 8
18 46
4 49
15 22
12 31
36 58
12 44
24 45
7 15
26 29
48 50
4 13
40 59
11 49
32 53
18 48
28 51
10 40
11 33
20 52
3 7
26 44
36 54
13 22
13 42
9 52
17 57
8 55
31 58
25 54
29 58
32 45
15 30
3 36
48 57
33 41
32 39
39 42
4 6
44 54
34 47
35 56
35 36
29 54
14 40
24 49
5 23
13 30
12 25
24 33
2 50
27 50
2 34
27 34
18 59
12 60
1 14
21 47
9 50
12 56
18 32
48 51
8 22
4 15
8 42
4 58
32 33
22 37
7 41
25 41
5 14
26 56
26 36
7 23
20 57
10 46
11 15
11 58
51 59
19 41
16 29
34 52
50 52
10 48
29 41
11 54
16 44
7 14
16 19
27 51
12 53
23 47
3 5
41 47
35 39
14 46
28 37
20 51
3 43
