70 966
13 66
47 52
48 61
12 45
24 62
12 39
3 49
9 26
4 68
4 41
32 58
28 35
15 19
13 29
35 49
11 68
16 25
26 39
59 70
17 37
50 57
11 23
16 60
1 10
33 47
59 69
13 19
14 59
5 47
27 61
46 70
18 28
12 33
46 55
14 32
1 21
15 67
9 12
26 49
24 41
40 70
42 63
36 47
54 59
8 29
5 21
6 7
37 61
15 56
7 47
13 67
1 52
23 34
7 10
8 31
3 15
51 65
8 44
27 37
43 67
10 24
19 47
38 63
20 37
31 47
13 56
29 47
9 37
13 36
42 66
17 20
16 45
21 26
18 38
35 62
16 39
18 70
35 54
38 66
18 69
1 50
20 35
53 59
40 42
14 24
36 52
50 61
33 50
7 52
8 67
33 34
25 52
12 62
61 69
6 53
26 58
8 60
42 44
19 52
1 57
6 45
22 46
51 55
3 68
23 26
28 64
47 61
39 53
13 45
38 44
5 57
57 62
17 40
22 48
18 22
35 41
9 20
46 63
7 50
25 34
20 27
52 70
19 34
15 49
42 67
15 33
52 69
12 68
29 34
10 38
8 53
6 49
4 52
10 70
42 60
1 26
46 66
17 64
10 55
41 61
42 56
26 68
10 11
38 67
22 59
11 52
13 33
44 57
31 57
32 47
43 49
22 32
2 40
27 40
55 59
36 51
12 14
65 67
20 40
8 43
17 46
14 55
18 63
19 51
24 52
17 48
29 51
37 40
30 57
10 42
61 63
28 32
5 61
8 33
15 58
20 64
54 70
5 12
4 57
54 55
59 67
8 13
62 69
42 45
32 52
23 35
38 53
21 27
10 30
13 15
59 60
61 66
6 62
30 51
14 42
37 64
6 54
38 45
17 59
33 37
42 43
49 70
16 68
7 12
16 41
35 47
18 29
4 51
46 60
38 39
13 54
17 32
2 48
19 61
52 63
31 61
11 51
53 70
29 61
14 30
24 57
32 34
39 54
1 35
4 26
12 47
33 35
40 56
8 15
60 70
5 35
7 18
67 70
56 69
15 23
2 17
6 68
6 41
8 62
30 61
31 37
8 54
20 59
29 37
46 53
18 67
14 63
2 32
1 20
13 23
9 59
18 25
21 64
43 68
24 26
47 64
18 56
28 65
34 46
40 53
23 40
3 50
3 34
10 29
31 35
13 14
30 37
34 48
26 52
35 50
10 31
40 45
21 46
22 55
51 60
8 68
42 62
22 69
7 20
51 56
24 61
38 58
11 37
55 70
40 43
46 49
49 63
35 57
62 66
30 35
1 40
7 27
55 69
58 66
47 48
16 47
38 54
50 59
26 50
52 60
3 51
49 66
41 46
24 37
21 59
56 63
16 21
4 9
60 63
42 68
21 32
41 48
36 40
27 28
25 40
2 65
14 67
12 51
32 37
17 38
20 65
14 25
6 10
38 41
9 65
59 62
18 49
56 66
60 66
28 42
12 26
65 68
37 65
1 48
7 64
10 53
46 54
64 70
64 69
16 50
54 56
28 30
58 60
22 63
10 45
6 52
40 62
29 64
21 24
13 52
27 70
4 40
55 63
1 17
7 46
14 53
27 55
59 68
20 70
9 38
3 37
2 69
27 69
16 57
49 60
10 43
3 18
20 55
20 69
9 70
36 48
11 40
49 56
39 52
22 66
26 61
53 67
25 48
34 65
9 11
50 65
31 46
15 34
18 58
30 64
5 59
17 30
6 50
6 34
10 49
37 55
44 48
57 61
10 33
53 56
4 64
37 69
21 28
29 48
21 65
2 4
10 13
22 29
23 24
40 41
47 65
43 50
2 22
36 59
2 42
22 31
28 66
39 50
51 58
30 46
22 44
25 59
20 22
3 9
9 42
13 57
7 32
17 63
4 46
30 48
12 35
51 54
29 59
48 63
39 57
34 70
50 70
31 32
24 64
34 55
26 35
6 51
1 24
34 69
23 65
18 23
15 26
13 51
16 61
22 25
5 24
10 58
52 54
32 64
48 66
22 60
12 20
47 70
8 57
55 67
4 17
24 46
47 69
27 63
10 54
51 68
64 66
4 59
38 52
20 63
55 60
1 28
9 63
34 42
17 31
7 24
14 58
17 44
28 67
32 46
16 37
11 32
42 50
5 65
23 38
6 61
37 63
46 47
2 66
28 60
45 65
23 70
14 54
20 66
52 68
13 61
9 66
10 68
16 35
36 65
15 37
10 23
22 45
21 30
24 32
1 38
2 31
6 18
9 29
2 44
48 67
19 65
20 31
33 38
1 69
46 52
34 63
9 44
4 24
33 55
5 38
41 42
3 46
8 61
15 35
11 24
5 55
53 58
5 69
35 46
6 35
3 48
26 64
21 63
22 49
16 27
28 39
13 35
36 38
54 68
35 48
47 63
27 67
58 68
57 64
36 55
28 43
7 70
4 28
46 50
20 25
36 69
18 21
1 22
2 60
17 53
25 55
8 37
25 69
8 18
19 38
2 56
27 56
33 42
27 36
3 17
19 70
9 60
6 20
3 59
5 22
31 55
5 42
37 67
9 56
28 49
40 50
46 57
26 48
3 32
6 27
37 60
41 63
38 61
5 30
36 42
24 28
7 42
12 59
56 68
2 53
27 53
46 51
30 69
51 52
4 38
19 42
16 64
4 70
26 59
31 42
9 53
11 38
34 67
50 67
22 54
48 49
8 20
69 70
11 55
40 51
27 39
11 69
9 45
10 21
20 39
5 63
23 29
34 56
18 57
19 30
2 5
28 58
27 43
29 30
59 61
15 64
39 40
30 42
28 62
10 52
33 66
37 39
21 56
6 64
24 70
47 60
2 49
46 61
7 63
27 33
24 69
47 56
45 66
22 41
2 13
22 23
11 42
12 24
9 33
43 64
19 63
31 63
55 68
1 44
18 26
23 67
36 66
37 49
16 17
17 62
1 19
33 44
7 66
25 66
10 34
16 59
17 54
52 57
48 62
19 66
16 32
48 54
24 42
47 53
29 66
39 46
8 64
10 57
21 45
25 29
43 48
14 50
21 39
39 48
4 63
7 31
5 8
25 31
32 42
1 25
27 58
33 67
24 30
6 17
20 58
7 19
3 38
34 49
15 32
2 62
1 56
13 17
19 44
20 62
17 41
3 55
27 54
29 31
23 53
3 69
29 44
33 36
17 23
9 62
38 40
4 66
5 56
8 48
13 32
7 8
43 59
35 69
21 33
11 66
42 64
37 62
25 67
23 39
7 25
12 70
49 50
36 60
30 31
3 4
30 44
36 56
26 38
38 64
22 47
25 56
1 53
52 61
25 36
11 29
3 42
26 55
14 26
19 60
26 69
4 19
2 23
24 66
20 41
29 60
11 31
19 36
1 45
10 61
31 56
11 44
9 68
8 32
10 12
29 56
41 49
50 58
29 36
33 45
11 19
16 65
57 69
3 30
33 39
5 45
4 8
30 67
1 43
13 24
28 47
12 22
21 58
36 53
38 48
33 43
2 16
4 67
24 31
21 62
5 43
24 44
21 54
1 33
7 45
11 25
25 45
31 53
42 59
4 36
29 53
47 54
6 65
11 60
11 36
17 47
31 45
36 43
16 38
45 49
5 13
34 68
14 37
31 39
28 52
34 41
16 55
23 58
22 34
29 39
40 64
23 62
36 49
41 62
18 40
12 63
25 49
17 21
23 54
7 33
25 33
35 66
4 53
24 36
14 35
15 70
31 49
10 20
8 65
28 50
29 33
28 34
32 60
55 57
17 52
2 47
6 70
12 66
4 39
32 36
16 22
33 58
6 11
6 69
3 31
48 52
13 70
9 47
13 55
3 19
4 5
33 62
9 10
4 43
43 70
33 54
43 55
23 68
39 70
5 62
41 68
43 69
11 43
63 65
39 69
45 62
16 30
22 26
45 54
18 46
51 64
12 31
36 58
4 33
12 44
25 58
40 59
11 49
2 52
32 53
6 42
27 52
24 39
8 38
10 40
11 33
18 48
3 7
7 62
26 44
36 54
19 58
17 57
31 58
7 54
8 69
24 43
1 68
8 11
1 41
3 56
3 36
19 62
1 23
44 62
16 63
22 61
33 41
29 62
4 6
35 56
29 54
14 40
10 64
13 30
32 43
12 25
2 34
27 34
20 50
12 60
63 69
9 50
12 56
18 32
48 51
36 68
8 42
28 61
17 26
22 37
42 70
2 57
3 53
30 54
26 36
7 23
20 57
11 15
35 53
57 60
19 41
16 29
34 52
29 41
8 30
38 55
15 66
38 69
16 31
3 39
16 44
37 57
39 63
22 35
54 64
27 51
7 16
41 47
21 52
65 70
17 61
