100 3960
65 69
16 99
9 80
30 68
48 61
36 73
64 82
20 26
52 77
8 63
3 33
21 90
58 98
10 32
15 19
41 85
22 81
14 89
44 73
6 31
10 77
29 73
1 47
9 71
32 62
50 57
70 76
16 60
74 95
21 78
87 98
32 54
77 94
41 52
27 61
42 97
48 93
54 89
17 88
28 96
12 13
15 67
46 94
11 14
15 95
42 91
12 87
37 61
41 50
7 10
40 94
45 85
51 65
6 56
2 18
21 51
65 97
16 53
13 60
31 47
27 93
43 95
59 76
3 62
20 93
39 95
47 80
49 59
45 52
17 81
3 54
75 98
23 57
8 99
83 99
78 87
35 62
1 90
7 85
18 70
35 54
27 35
18 55
60 89
12 58
37 93
56 79
1 34
20 35
2 92
19 85
93 94
1 78
7 52
64 81
47 71
9 92
21 82
8 60
15 45
61 94
19 52
45 72
45 50
63 83
13 53
88 92
26 62
15 39
59 63
26 54
11 47
51 69
66 79
5 57
15 43
76 83
55 98
30 85
14 65
7 72
7 50
91 95
43 45
31 90
39 45
75 77
70 99
30 52
19 72
19 50
42 67
22 89
31 34
12 68
69 85
33 80
3 14
36 57
42 95
10 38
31 78
25 57
54 65
52 94
62 65
46 66
41 61
85 94
10 11
34 92
13 33
44 57
10 94
21 88
29 57
27 40
12 86
40 66
38 56
20 40
82 86
1 82
28 79
73 93
84 89
50 96
57 74
55 77
47 92
14 69
23 37
16 54
48 98
59 99
67 84
1 12
28 59
7 26
79 99
51 97
41 93
37 40
11 34
2 64
74 100
8 33
78 86
19 26
21 81
45 61
60 65
51 91
54 69
9 64
17 89
42 45
62 69
90 97
59 60
58 94
61 66
57 73
3 47
14 42
27 98
15 100
27 46
20 98
7 61
49 70
42 43
13 62
49 55
31 82
20 46
35 47
64 89
87 94
18 75
86 96
32 90
5 37
13 54
46 56
1 88
19 61
11 51
18 44
68 96
32 34
14 30
45 93
63 87
37 98
48 77
32 78
53 69
37 46
43 100
40 56
23 27
33 92
56 70
4 71
22 65
15 41
14 97
38 49
26 47
18 83
1 9
60 69
2 17
34 64
7 93
8 62
24 80
9 17
8 54
12 85
19 93
1 81
11 82
18 25
82 85
27 77
20 32
54 97
62 97
20 77
5 96
75 94
3 90
80 83
47 64
1 2
31 88
12 52
5 20
18 36
43 74
19 35
3 34
62 91
13 14
51 67
37 77
15 73
10 31
78 85
51 95
36 96
30 93
35 78
67 76
22 69
50 79
53 97
12 50
46 49
17 65
44 96
26 90
90 95
32 82
25 27
58 66
29 96
43 73
31 81
73 98
39 73
2 24
55 94
50 59
53 91
21 89
26 34
60 97
14 19
11 88
63 68
26 78
28 70
8 14
9 24
40 49
4 92
3 51
52 56
28 55
41 98
72 90
2 84
41 46
60 91
35 51
81 84
10 56
9 84
65 100
33 64
72 78
27 28
7 40
63 86
14 67
20 28
42 74
14 95
22 30
13 47
59 62
19 40
23 79
11 81
17 69
71 80
3 82
24 92
26 51
32 88
73 77
35 82
6 21
54 67
62 67
3 12
18 87
48 94
54 95
62 95
56 75
64 69
22 91
41 77
16 34
5 48
42 73
30 40
1 89
16 78
34 84
17 42
7 98
95 98
20 38
12 61
7 46
26 82
80 87
5 79
32 81
36 48
66 75
19 98
27 94
53 67
25 48
20 94
14 45
53 95
18 58
65 73
37 38
5 59
17 30
47 84
84 91
13 90
3 88
72 82
14 39
10 49
55 66
44 48
60 67
36 79
29 48
60 95
2 4
25 79
13 34
37 94
15 57
17 97
45 77
97 98
13 78
12 93
66 83
30 98
36 59
2 22
31 89
82 93
30 46
44 79
25 59
3 9
29 79
17 91
9 22
63 85
2 76
7 32
7 77
12 35
44 59
69 98
29 59
9 76
26 88
19 32
76 85
50 70
28 29
51 100
28 75
24 64
50 55
78 93
64 91
18 68
6 80
8 34
8 78
13 51
22 67
22 95
48 66
21 69
11 89
4 17
30 32
6 71
28 83
63 72
30 77
26 81
1 65
55 56
14 15
51 74
57 96
17 19
49 87
13 82
8 51
34 76
69 77
73 94
27 66
70 90
84 95
72 81
23 70
80 86
68 70
23 55
28 36
16 88
41 94
70 78
42 57
12 40
32 89
7 28
15 37
47 76
37 66
17 67
22 45
56 87
21 30
51 73
17 95
22 39
19 28
27 31
6 18
54 100
20 31
62 100
31 65
49 58
1 69
4 24
22 43
34 63
64 67
48 56
5 70
2 99
64 95
59 90
16 81
5 55
66 87
74 96
81 99
21 91
13 88
4 84
9 99
38 80
6 92
45 94
56 58
47 63
12 98
3 89
12 46
36 55
25 70
15 96
82 98
53 100
25 55
2 60
1 42
54 74
7 11
62 74
15 20
18 85
19 38
35 89
38 71
11 65
20 56
9 60
44 70
60 100
17 45
50 75
29 70
15 27
14 73
49 68
31 69
29 55
33 76
18 52
70 82
24 84
19 94
8 88
17 39
83 88
1 30
43 96
78 98
37 56
77 80
80 85
17 43
28 87
63 93
30 38
26 89
54 73
34 99
1 97
62 73
49 86
53 74
50 83
56 68
2 53
46 80
41 66
12 32
76 93
18 72
12 77
18 50
30 94
1 91
60 74
72 89
32 65
8 81
47 99
22 100
11 69
34 60
10 21
57 59
59 82
23 29
66 68
23 75
69 94
46 71
79 82
21 67
28 58
53 73
21 95
70 88
23 44
91 96
6 64
40 71
31 97
47 60
60 73
4 22
27 49
38 92
20 49
45 66
42 96
68 83
84 100
31 91
4 76
9 33
22 74
34 53
61 80
18 26
32 69
74 79
37 49
5 29
23 25
7 66
15 48
70 81
35 65
11 30
5 44
71 84
28 68
59 88
19 66
17 100
65 96
79 88
33 99
61 71
12 28
77 92
15 79
36 75
11 97
21 45
25 29
25 75
24 76
43 48
22 73
5 83
39 48
18 61
1 67
36 44
21 39
4 63
7 31
5 8
26 65
32 42
13 89
25 44
1 95
1 7
11 91
6 17
52 80
28 86
46 92
21 43
49 52
29 75
2 62
19 31
30 66
33 60
43 79
14 57
17 41
2 54
10 80
3 69
29 44
59 81
25 83
56 85
79 81
17 74
40 92
9 54
5 36
50 87
43 59
35 69
52 71
39 59
45 56
44 83
18 93
12 38
54 57
63 98
32 97
49 72
8 89
49 50
83 89
30 31
64 74
38 64
66 85
25 36
32 91
76 98
31 95
3 42
82 94
33 53
26 69
17 73
19 56
80 93
1 45
35 42
67 90
57 70
50 58
29 36
11 19
56 72
42 48
61 92
4 99
58 80
16 65
1 39
6 24
34 62
86 87
53 57
67 78
1 43
34 54
64 73
78 94
2 14
68 87
6 84
42 79
3 97
30 56
26 42
63 77
58 71
10 18
66 72
11 67
4 60
70 89
35 97
71 76
42 59
11 95
47 54
21 100
28 85
51 96
76 77
24 99
46 64
52 92
35 91
26 30
45 49
85 92
65 79
50 68
14 37
31 39
28 52
10 92
16 69
90 96
5 87
26 97
18 40
49 61
24 60
75 80
21 41
4 53
22 57
26 91
32 67
50 86
19 49
59 89
21 74
15 70
36 87
72 97
15 55
8 65
25 87
28 72
1 15
2 47
67 82
12 66
16 42
11 45
72 91
56 61
9 47
44 87
3 19
5 58
29 87
11 39
14 96
49 93
61 64
43 70
33 54
92 98
43 55
23 68
39 70
14 20
58 92
1 100
30 49
39 55
11 43
24 53
89 90
20 21
55 80
21 73
18 98
18 46
12 31
36 58
87 92
25 58
54 96
62 96
6 22
16 97
3 67
56 93
3 95
23 86
3 7
13 42
17 57
44 58
55 71
57 75
6 76
80 98
1 41
71 99
32 39
67 88
2 90
34 47
1 74
5 68
81 90
10 64
5 23
32 43
13 30
66 93
9 90
24 33
2 34
2 78
57 83
88 90
77 84
12 56
9 34
26 95
13 97
36 68
9 78
75 92
48 80
8 42
51 79
25 68
50 85
28 61
22 37
60 96
42 70
42 55
6 63
5 16
11 15
4 62
13 91
76 94
1 73
46 84
67 81
51 59
44 68
4 54
59 65
72 95
50 52
31 41
3 45
29 68
8 30
48 71
36 86
3 39
35 45
31 74
25 86
2 51
16 19
11 100
35 39
3 43
58 64
8 97
20 80
9 51
34 90
28 93
44 86
29 86
35 43
15 29
55 92
15 75
10 17
24 62
50 72
8 91
83 91
74 83
34 78
24 54
22 96
15 44
37 80
26 45
27 71
23 85
28 35
16 67
68 85
20 71
31 73
14 79
47 90
16 95
17 37
33 47
22 27
43 75
59 69
81 82
39 75
61 84
11 74
14 59
9 82
6 99
47 78
43 44
12 49
32 100
18 28
2 12
4 14
5 10
39 44
21 57
54 79
62 79
9 12
84 96
34 51
70 97
98 100
54 59
39 83
15 36
63 66
5 85
13 67
23 72
48 92
6 60
68 72
3 15
13 95
11 73
32 41
38 63
8 19
52 84
5 52
17 96
47 51
32 74
16 45
7 21
36 85
53 79
2 88
18 38
25 85
81 88
3 100
46 76
34 82
66 98
49 77
92 94
17 27
33 90
9 88
19 21
53 59
73 80
27 92
36 52
60 79
67 89
64 96
35 100
16 43
44 85
50 61
20 92
18 94
59 97
25 52
33 34
8 67
29 85
42 75
33 78
6 53
83 95
40 76
5 72
5 50
42 44
4 47
44 52
59 91
47 82
1 57
32 73
29 52
79 91
51 55
57 58
3 41
23 26
2 81
13 45
26 100
36 72
36 50
22 48
42 83
35 41
3 74
9 81
46 63
13 39
65 75
25 50
41 71
94 99
50 93
58 84
74 87
35 74
13 43
44 72
33 51
66 77
28 98
21 37
22 79
72 100
29 50
29 72
24 47
61 76
6 33
23 61
45 80
22 59
26 41
65 83
15 87
70 95
8 45
31 57
48 64
3 73
5 26
38 60
26 74
8 39
57 68
47 88
4 90
35 73
14 70
7 80
8 43
14 55
33 82
45 71
43 87
34 81
4 78
39 87
19 80
25 26
17 48
52 76
10 22
61 63
16 100
57 86
27 64
21 96
28 32
20 64
28 77
15 58
54 70
62 70
75 84
54 55
26 73
10 76
59 67
18 66
59 95
47 81
17 79
38 53
23 35
11 57
24 90
21 27
19 71
79 95
13 15
41 92
6 62
37 64
36 61
30 80
6 54
24 34
25 61
43 58
24 78
4 51
39 58
46 60
49 94
52 63
5 93
18 31
16 74
44 61
13 100
29 61
53 70
33 88
53 55
40 60
55 84
2 89
93 99
81 89
8 15
60 70
5 35
58 76
74 86
7 18
15 23
9 89
42 87
25 93
67 69
56 94
69 71
61 99
45 92
4 82
88 89
24 51
12 21
1 96
16 73
1 20
44 93
8 100
29 93
43 68
83 100
15 86
33 81
25 35
13 74
39 68
15 16
50 98
1 27
51 83
18 56
40 53
6 14
23 40
66 94
19 92
29 35
57 85
42 58
58 63
43 86
24 82
52 99
39 86
48 84
8 41
3 57
85 99
34 89
13 73
11 37
71 90
41 64
14 29
31 96
14 75
35 57
8 74
75 76
38 62
4 88
30 92
14 44
38 54
71 78
86 98
21 79
52 60
67 97
5 40
70 100
47 89
23 98
50 77
68 98
49 66
23 46
62 75
10 60
20 84
28 94
21 59
67 91
14 83
4 9
26 57
42 68
8 73
36 40
25 40
2 65
6 47
32 37
37 84
14 25
12 80
45 64
17 70
55 76
9 65
18 49
17 55
62 83
11 20
29 40
14 36
70 74
42 86
15 85
53 75
59 100
87 99
46 62
5 98
1 48
7 64
79 100
10 53
5 46
64 70
23 32
15 52
60 75
23 77
78 80
19 64
58 60
68 77
40 62
43 85
1 79
36 98
33 89
39 85
65 86
71 82
36 46
25 98
53 83
55 63
25 46
51 87
32 96
2 69
16 57
1 59
43 52
39 52
44 98
60 83
34 65
9 69
6 90
15 72
44 46
15 50
59 74
30 64
29 46
48 76
6 34
75 99
31 48
57 61
10 33
5 32
6 78
5 77
22 29
67 95
22 75
61 62
73 84
47 65
7 17
43 50
2 42
28 66
39 50
26 37
22 44
51 58
31 79
9 42
13 57
89 91
36 77
27 76
25 32
25 77
20 76
38 47
71 88
3 20
12 92
48 63
2 30
57 93
22 83
35 96
82 92
14 87
44 77
23 28
6 51
29 32
34 69
9 30
29 77
3 27
28 31
11 48
37 76
50 94
15 26
2 97
52 62
4 89
81 97
22 25
21 70
42 52
52 54
21 55
9 97
54 87
10 62
2 91
62 87
78 92
11 79
22 36
47 69
81 91
26 96
10 54
51 68
65 85
17 75
9 91
55 60
45 84
11 59
6 82
7 24
88 91
14 58
33 65
15 61
26 27
16 37
5 28
42 72
42 50
72 96
23 38
37 63
19 24
6 12
24 89
38 90
32 48
7 84
28 56
51 86
86 94
23 94
48 99
19 84
43 61
68 94
38 78
40 47
25 28
32 79
34 97
58 62
60 87
63 80
17 25
64 83
89 95
32 59
34 91
2 19
1 55
13 37
17 36
73 76
48 60
96 98
14 68
5 38
16 96
33 69
30 84
9 19
15 35
16 20
63 71
53 58
43 93
5 11
41 76
39 93
38 51
77 78
16 27
46 90
36 38
54 68
35 48
2 67
25 38
2 7
2 95
37 99
14 16
3 79
18 21
9 67
22 87
8 37
46 78
9 95
20 60
33 42
40 90
25 94
35 79
29 38
48 53
6 81
3 59
88 95
31 55
13 96
67 100
54 86
62 86
13 20
26 48
40 78
35 59
37 60
41 63
21 29
45 76
21 75
13 27
51 85
71 89
12 17
84 87
7 22
26 79
21 44
22 58
10 47
33 97
27 53
60 68
51 52
23 66
20 53
7 76
26 59
15 40
61 90
42 93
8 96
83 96
4 69
53 86
34 67
2 45
33 91
63 92
8 20
72 79
11 70
34 95
19 76
11 55
40 51
55 62
77 82
9 45
17 87
37 53
8 27
60 86
50 56
76 92
2 43
21 25
51 72
38 88
73 99
74 98
47 67
46 82
9 43
65 93
47 95
64 87
21 36
5 66
4 42
30 76
7 63
67 73
27 33
24 69
52 90
41 99
22 68
20 33
18 80
85 90
40 82
22 23
1 75
15 98
12 24
19 63
15 46
10 90
17 58
16 79
32 70
52 78
14 52
32 55
1 44
69 76
70 96
4 30
36 66
10 34
25 66
54 85
38 81
62 85
16 59
10 78
22 86
82 84
5 31
18 71
48 62
43 98
34 39
4 97
48 54
44 66
39 98
43 46
24 42
13 48
29 66
39 46
1 8
74 77
46 88
14 72
14 50
4 91
45 99
61 82
78 84
1 25
33 67
24 30
31 75
33 95
9 15
53 85
27 62
84 86
15 77
17 68
40 88
1 36
58 90
3 70
63 64
20 62
10 51
3 55
31 44
27 54
29 31
54 72
95 99
17 23
7 99
79 96
62 72
41 53
24 97
20 54
35 70
2 100
35 55
5 56
8 48
45 60
60 85
87 90
81 100
19 99
9 100
46 81
64 68
31 83
43 77
17 86
39 77
52 82
88 100
21 87
8 79
7 60
36 56
25 56
40 81
26 70
10 82
11 29
26 55
97 99
11 75
42 98
14 26
53 72
8 59
61 88
18 92
4 19
30 99
51 93
11 44
31 36
23 49
29 56
45 53
33 45
33 39
22 85
57 94
69 99
75 90
12 22
90 93
11 83
21 58
33 43
80 92
65 98
30 60
34 100
7 53
4 67
14 61
49 80
22 52
12 76
15 28
61 81
19 53
52 88
38 89
11 25
2 73
32 75
85 88
58 82
1 13
6 65
5 49
9 73
54 61
10 88
42 77
11 36
84 85
47 100
1 87
56 80
16 70
34 41
22 72
16 55
22 50
71 97
55 90
14 93
24 67
30 53
34 74
32 83
24 95
36 49
12 63
25 49
21 68
74 94
41 54
7 33
71 91
17 85
55 78
56 71
21 23
5 6
65 77
15 38
66 80
77 89
14 35
54 93
19 33
53 61
59 79
10 81
29 49
4 45
3 29
17 52
3 75
1 58
47 74
27 47
15 94
32 36
64 85
18 64
6 69
46 89
21 86
13 70
35 75
58 88
34 73
31 87
13 55
4 43
75 82
35 44
76 84
37 47
40 89
30 33
45 62
33 100
22 26
3 83
57 66
17 72
39 94
45 54
3 8
53 93
47 73
24 45
35 83
26 75
49 92
6 42
24 39
48 78
3 25
28 80
60 93
26 44
8 70
58 81
11 13
8 55
12 99
7 54
64 72
1 68
24 43
82 99
51 98
3 36
38 65
19 62
1 23
72 75
33 41
22 61
19 54
6 30
55 82
27 90
26 83
20 90
14 40
33 74
28 71
61 89
90 98
27 34
75 88
20 34
12 60
1 86
6 97
71 95
20 78
1 16
72 83
30 62
4 15
17 26
6 91
2 57
67 96
26 36
22 93
37 78
9 57
42 94
31 68
16 29
16 75
32 87
21 85
15 66
4 100
52 89
51 77
75 81
16 44
22 35
85 89
46 65
7 14
27 51
14 98
12 53
3 5
41 47
55 88
20 51
10 89
17 61
63 76
31 86
65 94
16 83
43 66
18 24
39 66
37 51
54 98
49 64
32 58
38 42
3 13
13 75
11 68
16 25
28 92
21 50
59 70
4 74
6 19
34 57
27 82
11 23
3 87
13 44
17 93
35 87
12 33
45 47
56 64
14 32
46 69
14 77
80 84
13 83
1 85
17 35
47 57
53 98
48 88
11 16
24 41
73 78
6 67
50 80
8 29
5 21
6 7
8 75
4 73
6 95
87 89
15 56
7 47
40 69
1 52
60 98
13 25
26 87
38 91
8 44
2 37
3 58
54 77
19 47
9 37
35 58
50 71
42 66
89 96
21 26
43 56
27 88
72 87
8 83
39 56
48 81
32 86
1 72
1 50
77 97
31 85
67 79
30 47
12 62
45 90
10 65
61 69
26 58
12 54
41 51
65 66
77 91
75 89
68 80
31 52
46 97
22 98
8 36
21 61
45 78
6 45
2 96
33 57
60 77
81 96
76 99
2 20
27 81
28 64
71 100
6 39
3 23
51 94
20 81
46 91
14 28
35 68
18 22
73 82
9 20
40 97
7 34
16 87
2 27
19 90
6 43
68 71
7 78
18 76
9 27
70 83
31 72
40 91
37 81
3 86
31 50
41 82
90 94
11 85
52 69
19 78
84 98
21 93
1 26
5 80
58 65
49 84
55 89
45 51
26 68
94 95
38 67
50 92
38 95
30 90
22 32
43 49
22 77
21 35
16 58
12 14
30 34
36 80
61 97
7 51
17 98
5 71
30 78
25 80
34 96
69 90
18 63
26 86
56 84
1 61
19 51
14 94
73 88
61 91
44 80
11 72
59 83
11 50
32 85
45 82
29 80
79 83
69 78
64 98
36 71
4 57
25 71
72 86
41 88
8 13
6 15
32 52
86 92
58 69
66 84
54 94
62 94
7 82
44 71
83 87
52 97
30 51
29 71
85 97
38 45
33 37
3 10
1 93
16 68
19 82
7 12
73 81
10 97
16 23
52 91
17 32
5 18
51 66
17 77
2 48
85 91
31 61
32 72
38 43
32 50
40 95
42 49
1 35
41 81
9 48
10 91
92 99
3 85
12 47
21 40
53 94
16 86
11 26
2 79
22 28
45 88
35 85
64 77
8 58
3 52
5 92
50 64
6 41
60 94
2 59
28 84
55 65
35 52
13 68
1 3
37 89
6 74
7 88
33 96
31 93
93 95
9 59
69 82
13 23
49 76
80 99
18 60
58 97
61 67
26 85
25 92
11 61
61 95
3 72
3 50
45 81
31 35
58 91
87 97
7 9
44 92
26 52
13 16
21 98
29 92
35 50
21 46
72 85
56 76
10 19
4 37
6 73
8 68
87 91
12 90
51 56
30 88
22 94
34 79
17 28
23 64
40 43
54 66
12 34
49 63
1 40
55 69
19 81
12 78
18 53
52 67
79 87
14 31
34 59
26 72
26 50
66 76
32 61
8 86
69 88
83 86
8 16
78 90
10 95
47 79
56 63
75 97
16 85
3 26
84 94
30 81
21 32
73 89
21 77
27 65
5 64
75 91
17 38
16 52
32 93
38 41
41 89
1 98
60 66
69 81
31 40
18 33
4 27
1 46
14 56
15 21
38 74
17 94
77 100
36 64
37 65
3 61
28 76
58 67
49 99
57 80
70 86
33 48
58 95
55 97
13 85
16 72
46 100
16 50
54 56
67 75
44 64
10 45
64 94
12 82
50 84
55 91
13 52
2 70
24 27
8 10
38 73
59 68
40 100
57 71
10 43
49 60
56 99
20 69
9 70
11 40
3 93
9 55
31 98
33 59
26 61
5 17
1 32
31 46
67 83
1 77
28 63
78 82
83 85
18 62
37 69
21 28
59 86
3 35
13 72
18 54
13 50
66 99
79 86
93 100
40 41
8 52
19 89
74 80
27 42
22 31
40 74
16 26
75 95
49 53
61 100
14 49
23 84
68 84
82 88
48 91
32 40
11 98
27 30
15 80
11 46
46 73
34 70
4 48
31 32
31 77
26 35
8 72
72 93
8 50
30 89
41 65
17 66
21 38
27 97
78 88
16 61
10 15
20 97
70 85
4 79
57 92
63 90
43 80
15 71
12 81
47 70
55 67
27 91
47 55
71 96
22 56
52 100
13 26
20 91
55 95
85 100
5 84
4 59
64 66
37 97
1 28
63 78
10 100
17 31
32 46
43 71
76 78
50 76
16 93
36 84
28 60
35 40
45 65
25 84
24 79
13 61
41 69
61 73
70 72
59 85
8 26
52 74
44 84
24 59
16 35
10 41
29 84
7 65
2 29
15 18
2 75
10 74
6 37
1 38
26 40
9 29
48 67
9 75
17 56
1 11
33 70
9 44
3 98
28 53
33 55
13 93
42 80
41 42
3 46
49 62
32 77
49 54
35 98
52 73
15 92
87 100
2 83
23 76
68 76
81 83
2 8
45 69
59 72
22 49
9 83
63 82
13 35
10 73
30 65
73 97
27 67
42 71
2 25
20 67
27 95
57 64
56 62
20 95
65 80
43 92
76 82
9 25
73 91
39 92
26 98
41 97
58 74
11 28
8 93
26 46
83 93
34 75
5 22
19 69
37 67
9 36
46 57
28 33
37 95
34 44
31 94
6 27
23 63
3 77
16 40
65 71
12 89
5 76
72 98
8 35
75 100
35 77
71 79
40 57
21 31
50 99
47 75
7 42
58 73
18 90
34 83
63 88
67 68
25 76
4 70
19 42
18 34
4 55
78 89
11 38
18 78
27 45
91 92
20 45
7 30
26 32
76 88
44 76
26 77
50 60
29 76
70 93
47 83
20 39
80 90
5 63
13 40
45 91
11 94
34 36
2 5
19 30
27 43
16 98
7 97
95 97
42 92
55 100
20 43
16 46
59 61
1 66
37 45
15 64
30 42
28 62
72 77
63 81
37 39
21 56
86 99
28 54
7 91
24 55
25 63
23 99
68 99
37 43
18 51
2 13
76 81
32 38
73 95
43 64
3 28
39 64
8 40
33 75
50 53
94 96
2 87
1 31
29 63
81 87
38 96
41 67
59 93
33 44
41 95
32 94
30 97
13 98
55 74
79 93
13 46
23 60
52 57
6 48
16 32
31 66
16 77
18 82
10 57
12 65
33 83
69 97
48 100
57 84
6 79
2 58
69 91
7 19
55 73
3 38
6 59
77 96
8 98
9 58
1 56
83 98
80 82
36 99
45 67
35 38
23 53
25 99
33 36
45 95
3 94
27 100
21 49
13 32
34 87
20 100
13 77
46 96
44 99
41 45
49 90
35 94
48 74
29 99
7 67
14 80
12 69
25 60
4 75
49 78
40 96
37 100
18 88
26 38
19 67
41 43
47 87
4 44
2 68
74 84
27 41
44 60
56 90
2 23
29 60
20 41
11 31
26 94
5 53
31 56
15 24
9 68
8 32
62 80
14 71
8 77
23 33
27 74
63 89
48 73
16 28
70 98
9 23
20 74
67 72
56 78
4 83
4 8
30 67
32 66
93 96
15 84
37 41
50 54
28 47
12 42
2 86
76 89
30 95
24 29
36 53
38 48
81 86
51 92
2 16
49 51
66 90
54 71
37 74
9 86
47 58
62 71
61 96
4 25
10 37
7 45
44 53
69 95
27 73
12 30
4 36
43 84
38 79
90 92
29 53
53 80
20 73
39 84
7 39
19 45
80 81
13 28
24 83
16 38
38 59
12 97
7 43
59 98
57 76
19 39
60 80
14 18
82 97
37 73
49 82
70 77
19 43
53 71
1 6
16 94
12 91
24 25
3 66
73 100
23 62
82 91
17 21
25 33
85 96
35 66
30 45
60 71
28 90
34 86
41 100
10 96
46 48
78 97
31 49
14 92
10 20
8 28
56 82
29 33
28 34
55 57
6 55
13 38
57 63
33 58
10 27
78 91
3 31
40 48
46 79
4 5
47 86
26 66
9 10
54 92
73 74
62 92
59 77
13 94
5 62
74 76
42 84
63 65
96 99
66 82
5 54
2 85
40 79
49 88
81 85
51 64
15 22
71 75
22 71
45 100
12 19
4 13
11 49
58 96
8 38
15 76
26 31
25 62
36 54
4 87
9 52
25 54
8 11
65 84
3 56
53 92
87 96
56 88
33 68
8 94
44 62
48 57
7 100
83 94
95 100
29 62
44 54
29 54
41 73
12 67
43 76
60 92
19 100
39 76
61 79
2 72
12 95
2 50
57 99
82 95
17 80
63 69
9 72
45 74
9 50
16 66
66 88
33 86
15 63
32 49
4 58
27 57
5 14
26 56
56 81
14 64
20 57
64 80
30 100
7 74
17 71
78 95
57 60
19 41
34 52
38 70
10 48
75 96
38 55
43 63
16 31
19 74
37 57
39 63
70 94
54 64
23 47
22 92
66 81
10 79
13 66
50 90
47 52
12 45
2 26
30 41
7 73
34 72
34 50
10 59
28 88
12 39
3 49
4 68
9 26
42 76
4 23
19 73
35 49
12 43
63 97
55 96
13 31
53 64
15 99
14 17
47 72
47 50
16 56
69 74
63 91
59 94
8 66
2 61
46 70
4 86
79 94
18 65
6 83
46 55
3 6
60 64
4 16
65 76
6 8
9 61
1 21
86 90
51 84
28 81
58 79
26 49
24 68
50 51
23 90
33 85
17 92
68 90
40 70
15 60
42 63
36 47
6 25
25 47
58 59
71 87
23 34
49 89
69 73
27 37
23 78
67 98
33 52
6 36
68 78
21 80
44 47
2 93
64 92
29 47
24 86
43 60
9 93
39 60
41 57
48 96
88 93
50 82
2 35
22 64
12 15
56 89
18 69
14 24
15 53
5 90
34 61
33 50
9 35
61 70
23 51
5 34
91 99
5 78
8 56
75 79
16 49
38 75
27 96
66 89
36 90
82 100
20 96
25 90
67 77
47 61
39 53
38 44
42 99
63 67
57 62
63 95
45 57
54 84
25 34
62 84
44 90
34 93
25 78
20 27
4 85
37 96
59 66
52 70
1 80
11 21
52 55
76 95
38 83
78 100
15 33
68 82
50 88
12 41
29 34
44 78
18 30
7 57
29 78
10 70
42 60
34 35
17 64
65 99
12 74
6 13
55 79
47 93
19 57
1 71
18 97
6 87
53 84
55 59
36 51
49 65
28 89
24 85
21 92
25 51
46 75
9 40
71 86
89 98
4 72
4 50
60 84
77 83
5 82
44 51
24 52
80 97
12 73
31 80
29 51
30 57
33 61
42 53
40 75
86 88
8 49
5 12
56 65
23 88
40 44
68 88
6 58
15 62
51 63
36 82
25 82
15 54
31 71
48 79
2 98
24 72
24 50
73 96
40 83
81 98
44 82
9 98
33 93
49 69
29 82
9 46
48 59
43 62
34 40
27 48
22 84
88 98
39 62
20 48
43 54
11 80
61 75
3 21
23 81
39 54
4 26
68 81
33 35
5 88
54 76
27 79
62 76
7 37
20 79
56 69
6 68
11 71
27 59
92 95
19 37
67 94
61 83
20 59
36 88
5 9
25 88
14 63
2 32
38 87
18 95
2 77
4 61
21 64
99 100
51 99
24 26
9 32
66 69
9 77
17 24
5 81
34 46
32 80
6 86
37 59
53 76
6 16
54 63
62 63
30 37
31 92
90 99
17 84
49 97
80 95
10 44
63 100
60 76
95 96
7 96
51 60
42 62
36 81
32 71
7 20
25 81
4 93
50 89
24 61
49 91
11 18
76 100
77 87
19 96
64 84
7 27
10 83
44 81
71 72
29 81
33 40
56 97
19 27
53 63
18 45
46 87
3 80
34 77
28 69
56 91
14 99
11 92
16 21
35 80
30 96
57 78
51 53
10 36
24 93
18 43
40 87
41 48
66 97
22 76
73 79
2 28
86 89
3 71
47 77
38 68
62 99
9 28
66 91
24 35
14 60
68 89
35 71
41 79
46 58
28 42
33 98
48 70
26 80
43 47
48 55
63 73
33 46
39 47
89 94
41 59
13 21
32 92
54 60
38 86
74 90
28 30
72 80
61 87
31 64
22 63
26 71
6 52
45 48
53 99
2 38
49 67
21 24
74 78
17 22
27 70
4 40
49 95
1 17
14 53
27 55
5 89
20 70
9 38
15 90
3 18
17 76
2 94
45 79
21 84
7 48
9 11
50 65
28 91
57 82
15 34
46 68
9 94
8 21
15 78
53 60
37 70
6 50
19 48
37 55
36 89
77 86
88 94
25 89
92 100
56 95
52 87
43 90
64 76
7 79
12 37
39 90
16 80
85 87
40 68
11 64
18 100
24 40
42 47
10 87
44 89
19 79
35 92
46 86
29 89
71 93
39 78
55 75
4 98
66 67
14 33
51 62
4 46
30 48
19 59
66 95
16 71
22 99
34 38
15 51
40 86
80 100
1 24
50 69
52 58
23 65
18 41
34 94
57 88
74 82
55 83
13 80
18 74
10 58
38 85
12 96
6 26
1 84
32 64
43 51
30 59
22 60
82 96
12 20
39 51
24 98
24 46
69 79
72 92
84 99
38 52
15 82
12 27
47 94
11 17
4 32
42 90
61 86
16 18
28 95
78 96
57 81
5 65
14 62
18 73
6 61
8 80
2 66
42 78
14 54
21 22
52 68
43 82
17 99
41 55
77 85
9 66
38 72
22 53
38 50
21 76
10 68
31 84
74 88
3 64
36 65
54 62
10 23
25 65
27 29
16 92
50 97
8 71
27 75
20 29
64 99
35 64
24 77
52 86
65 78
27 44
17 60
44 65
33 38
6 93
20 44
50 91
29 65
13 18
15 88
9 31
10 86
23 42
40 85
37 75
10 16
33 94
45 70
5 69
6 35
37 44
45 55
74 81
20 83
70 80
21 63
40 52
53 62
28 39
43 88
34 66
23 30
11 84
53 54
13 92
28 43
4 28
46 72
46 50
86 97
20 25
36 69
60 62
1 22
17 53
71 98
8 18
15 81
2 56
68 97
27 36
3 17
12 48
19 70
56 100
86 91
1 76
5 42
47 66
9 56
61 85
40 72
44 69
40 50
68 91
49 74
12 79
39 81
59 80
83 92
79 80
24 28
66 100
32 84
12 59
30 55
4 38
5 97
16 64
22 62
56 74
21 99
55 58
29 42
1 63
4 11
73 75
59 71
50 67
52 85
78 79
71 77
69 70
6 40
49 73
50 95
4 94
61 72
25 30
31 76
5 91
42 88
38 93
14 47
51 90
10 85
34 56
18 57
41 75
36 97
48 87
3 24
29 30
41 44
63 96
21 60
51 78
10 52
33 66
36 91
75 86
44 97
56 73
70 92
3 84
2 49
29 97
28 100
65 88
35 84
24 94
11 22
9 49
52 72
42 81
29 91
31 63
55 68
27 87
86 95
40 61
6 98
74 89
77 93
23 67
20 87
6 46
16 17
10 72
66 73
10 50
23 95
68 95
45 75
17 54
58 85
2 6
21 53
1 99
5 19
28 41
26 84
37 87
14 90
15 89
65 81
8 64
28 74
59 92
7 29
7 75
14 34
79 92
14 78
40 93
7 44
45 83
27 58
72 84
19 29
19 75
20 58
1 60
11 63
54 90
62 90
43 89
5 67
13 17
19 44
39 89
51 82
5 95
5 7
6 32
38 40
48 68
54 78
4 66
7 83
37 58
28 73
7 8
21 33
18 37
10 26
23 45
31 99
47 49
19 83
16 24
30 75
25 67
36 95
23 39
12 70
25 95
14 51
12 55
3 4
30 44
22 47
1 53
16 84
52 61
19 25
8 17
29 67
4 31
32 63
29 95
71 94
31 60
20 68
49 57
24 66
53 78
19 36
60 90
10 61
3 76
30 83
20 23
94 98
73 87
63 79
38 98
57 69
92 96
51 88
35 76
60 78
37 68
14 82
11 99
18 96
5 39
69 83
41 87
76 79
20 86
42 89
18 20
52 93
55 85
56 57
96 97
24 31
21 62
85 93
30 36
59 64
13 84
18 27
21 54
10 93
1 33
54 82
25 45
31 53
62 82
33 49
26 76
6 28
37 86
36 39
25 39
3 63
22 90
17 47
44 45
36 43
77 98
58 61
65 89
29 45
35 63
25 43
10 35
8 24
43 65
29 39
41 58
72 76
39 65
32 99
22 78
38 77
50 74
46 98
45 87
8 84
55 72
83 84
86 100
14 88
53 82
24 56
57 97
23 100
98 99
68 100
26 63
48 85
11 53
31 33
6 38
7 87
15 69
32 60
60 82
57 91
16 22
6 11
62 88
48 52
19 87
50 73
87 93
5 15
6 94
22 51
16 76
28 57
45 58
14 81
41 68
17 90
43 69
23 41
3 99
12 29
12 75
27 85
20 85
17 34
9 21
35 99
46 77
15 42
5 100
12 44
70 84
7 58
48 72
48 50
61 98
32 53
42 65
27 52
64 90
10 40
11 33
53 88
62 81
20 52
41 86
19 58
13 22
37 85
22 82
40 77
15 30
12 83
36 100
64 78
60 88
69 87
31 62
25 100
16 63
82 83
35 60
74 91
39 42
18 79
49 96
26 99
37 52
75 93
4 6
23 73
5 41
68 73
15 97
45 68
24 49
12 25
67 92
27 72
27 50
63 70
18 59
29 100
17 51
20 72
5 74
1 14
52 98
72 99
53 81
15 91
12 36
78 83
59 84
8 22
36 41
79 84
56 96
32 33
25 41
10 98
3 53
37 72
7 23
45 86
61 77
10 46
60 81
42 69
39 97
36 74
57 95
8 76
19 68
25 74
11 62
43 91
29 41
22 88
55 93
5 73
11 54
17 82
7 86
38 94
29 74
6 66
7 16
28 37
